  0.20000000E-01  0.12893672E-01  0.20000000E+01  0.10000000E+14  0.17200000E+06 -0.50000000E+02 -0.29462219E+07  0.00000000E+00  0.00000000E+00  0.00000000E+00  0.00000000E+00  0.50000000E-01  0.99323182E+02  0.10544441E-05  0.24633664E+04  0.50768911E-02  0.24653242E+04  0.99492205E+00  0.75013193E+03  0.99999765E+00  0.24624665E+04  0.23455246E-05  0.24636656E+04  0.46834022E+03  0.99916417E+00  0.81423823E-03  0.59601754E-09  0.00000000E+00  0.47718853E+01  0.00000000E+00  0.00000000E+00  0.00000000E+00  0.00000000E+00
  0.20000000E-01  0.12602260E-01  0.20808081E+01  0.10000000E+14  0.17200000E+06 -0.50000000E+02 -0.26667823E+07  0.00000000E+00  0.00000000E+00  0.00000000E+00  0.00000000E+00  0.50000000E-01  0.10023828E+03  0.13544310E-05  0.23472738E+04  0.99919778E+00  0.23963570E+04  0.80086545E-03  0.73225647E+03  0.99999761E+00  0.23953052E+04  0.23874122E-05  0.23965365E+04  0.46823296E+03  0.99911498E+00  0.86274301E-03  0.76849529E-09  0.00000000E+00  0.49109172E+01  0.00000000E+00  0.00000000E+00  0.00000000E+00  0.00000000E+00
  0.20000000E-01  0.12323679E-01  0.21616162E+01  0.10000000E+14  0.17200000E+06 -0.50000000E+02 -0.24296472E+07  0.00000000E+00  0.00000000E+00  0.00000000E+00  0.00000000E+00  0.50000000E-01  0.10111887E+03  0.17077027E-05  0.22423065E+04  0.99983574E+00  0.23381937E+04  0.16254975E-03  0.71596294E+03  0.99999759E+00  0.23371709E+04  0.24149201E-05  0.23384315E+04  0.46813811E+03  0.99906887E+00  0.90827743E-03  0.96971839E-09  0.00000000E+00  0.46664653E+01  0.00000000E+00  0.00000000E+00  0.00000000E+00  0.00000000E+00
  0.20000000E-01  0.12056844E-01  0.22424242E+01  0.10000000E+14  0.17200000E+06 -0.50000000E+02 -0.22261077E+07  0.00000000E+00  0.00000000E+00  0.00000000E+00  0.00000000E+00  0.50000000E-01  0.10196008E+03  0.21188913E-05  0.21480441E+04  0.99992468E+00  0.22874317E+04  0.73205044E-04  0.70100955E+03  0.99999757E+00  0.22864350E+04  0.24299493E-05  0.22877221E+04  0.46805385E+03  0.99902577E+00  0.95092436E-03  0.12012202E-08  0.00000000E+00  0.45345128E+01  0.00000000E+00  0.00000000E+00  0.00000000E+00  0.00000000E+00
  0.20000000E-01  0.11801360E-01  0.23232323E+01  0.10000000E+14  0.17200000E+06 -0.50000000E+02 -0.20497070E+07  0.00000000E+00  0.00000000E+00  0.00000000E+00  0.00000000E+00  0.50000000E-01  0.10275960E+03  0.25923200E-05  0.20628017E+04  0.99995390E+00  0.22427474E+04  0.43505769E-04  0.68720747E+03  0.99999757E+00  0.22417773E+04  0.24346233E-05  0.22430886E+04  0.46797855E+03  0.99898543E+00  0.99088534E-03  0.14645332E-08  0.00000000E+00  0.45799566E+01  0.00000000E+00  0.00000000E+00  0.00000000E+00  0.00000000E+00
  0.20000000E-01  0.11556549E-01  0.24040404E+01  0.10000000E+14  0.17200000E+06 -0.50000000E+02 -0.18955199E+07  0.00000000E+00  0.00000000E+00  0.00000000E+00  0.00000000E+00  0.50000000E-01  0.10351668E+03  0.31324490E-05  0.19852389E+04  0.99996713E+00  0.22031423E+04  0.29738566E-04  0.67440375E+03  0.99999757E+00  0.22021995E+04  0.24305920E-05  0.22035329E+04  0.46791096E+03  0.99894772E+00  0.10283141E-02  0.17611009E-08  0.00000000E+00  0.45486068E+01  0.00000000E+00  0.00000000E+00  0.00000000E+00  0.00000000E+00
  0.20000000E-01  0.11321346E-01  0.24848485E+01  0.10000000E+14  0.17200000E+06 -0.50000000E+02 -0.17598425E+07  0.00000000E+00  0.00000000E+00  0.00000000E+00  0.00000000E+00  0.50000000E-01  0.10423104E+03  0.37437370E-05  0.19143367E+04  0.99997418E+00  0.21680079E+04  0.22071903E-04  0.66248335E+03  0.99999758E+00  0.21670934E+04  0.24185948E-05  0.21684470E+04  0.46785031E+03  0.99891264E+00  0.10631733E-02  0.20918521E-08  0.00000000E+00  0.45279037E+01  0.00000000E+00  0.00000000E+00  0.00000000E+00  0.00000000E+00
  0.20000000E-01  0.11095088E-01  0.25656566E+01  0.10000000E+14  0.17200000E+06 -0.50000000E+02 -0.16395748E+07  0.00000000E+00  0.00000000E+00  0.00000000E+00  0.00000000E+00  0.50000000E-01  0.10490397E+03  0.44311198E-05  0.18491679E+04  0.99997827E+00  0.21366411E+04  0.17294961E-04  0.65133471E+03  0.99999760E+00  0.21357553E+04  0.24000050E-05  0.21371276E+04  0.46779569E+03  0.99888003E+00  0.10956348E-02  0.24581507E-08  0.00000000E+00  0.52044494E+01  0.00000000E+00  0.00000000E+00  0.00000000E+00  0.00000000E+00
  0.20000000E-01  0.10877118E-01  0.26464646E+01  0.10000000E+14  0.17200000E+06 -0.50000000E+02 -0.15322297E+07  0.00000000E+00  0.00000000E+00  0.00000000E+00  0.00000000E+00  0.50000000E-01  0.10553737E+03  0.52000285E-05  0.17889538E+04  0.99998072E+00  0.21084395E+04  0.14080388E-04  0.64086150E+03  0.99999762E+00  0.21075821E+04  0.23760708E-05  0.21089716E+04  0.46774632E+03  0.99884969E+00  0.11258817E-02  0.28615425E-08  0.00000000E+00  0.49709437E+01  0.00000000E+00  0.00000000E+00  0.00000000E+00  0.00000000E+00
  0.20000000E-01  0.10667002E-01  0.27272727E+01  0.10000000E+14  0.17200000E+06 -0.50000000E+02 -0.14359034E+07  0.00000000E+00  0.00000000E+00  0.00000000E+00  0.00000000E+00  0.50000000E-01  0.10613306E+03  0.60555069E-05  0.17331007E+04  0.99998215E+00  0.20829740E+04  0.11790702E-04  0.63099158E+03  0.99999765E+00  0.20821447E+04  0.23477590E-05  0.20835500E+04  0.46770156E+03  0.99882148E+00  0.11540513E-02  0.33033832E-08  0.00000000E+00  0.47211985E+01  0.00000000E+00  0.00000000E+00  0.00000000E+00  0.00000000E+00
  0.20000000E-01  0.10464345E-01  0.28080808E+01  0.10000000E+14  0.17200000E+06 -0.50000000E+02 -0.13490455E+07  0.00000000E+00  0.00000000E+00  0.00000000E+00  0.00000000E+00  0.50000000E-01  0.10669298E+03  0.70026888E-05  0.16811106E+04  0.99998291E+00  0.20598878E+04  0.10087791E-04  0.62166364E+03  0.99999768E+00  0.20590860E+04  0.23159097E-05  0.20605060E+04  0.46766089E+03  0.99879525E+00  0.11802768E-02  0.37850621E-08  0.00000000E+00  0.48191415E+01  0.00000000E+00  0.00000000E+00  0.00000000E+00  0.00000000E+00
  0.20000000E-01  0.10268785E-01  0.28888889E+01  0.10000000E+14  0.17200000E+06 -0.50000000E+02 -0.12703805E+07  0.00000000E+00  0.00000000E+00  0.00000000E+00  0.00000000E+00  0.50000000E-01  0.10721913E+03  0.80468003E-05  0.16325624E+04  0.99998318E+00  0.20388818E+04  0.87776410E-05  0.61282517E+03  0.99999772E+00  0.20381068E+04  0.22812484E-05  0.20395404E+04  0.46762385E+03  0.99877088E+00  0.12046863E-02  0.43080157E-08  0.00000000E+00  0.47436056E+01  0.00000000E+00  0.00000000E+00  0.00000000E+00  0.00000000E+00
  0.20000000E-01  0.10079984E-01  0.29696970E+01  0.10000000E+14  0.17200000E+06 -0.50000000E+02 -0.11988498E+07  0.00000000E+00  0.00000000E+00  0.00000000E+00  0.00000000E+00  0.50000000E-01  0.10771354E+03  0.91931629E-05  0.15870970E+04  0.99998306E+00  0.20197034E+04  0.77418584E-05  0.60443088E+03  0.99999776E+00  0.20189544E+04  0.22443983E-05  0.20204007E+04  0.46759003E+03  0.99874823E+00  0.12274023E-02  0.48737423E-08  0.00000000E+00  0.44550682E+01  0.00000000E+00  0.00000000E+00  0.00000000E+00  0.00000000E+00
  0.20000000E-01  0.98980372E-02  0.30505051E+01  0.10000000E+14  0.17200000E+06 -0.50000000E+02 -0.11336867E+07  0.00000000E+00  0.00000000E+00  0.00000000E+00  0.00000000E+00  0.50000000E-01  0.10817751E+03  0.10444549E-04  0.15444851E+04  0.99998265E+00  0.20022376E+04  0.69034445E-05  0.59645629E+03  0.99999779E+00  0.20015144E+04  0.22058201E-05  0.20029725E+04  0.46755912E+03  0.99872721E+00  0.12485113E-02  0.54829126E-08  0.00000000E+00  0.41727897E+01  0.00000000E+00  0.00000000E+00  0.00000000E+00  0.00000000E+00
  0.20000000E-01  0.97228972E-02  0.31313131E+01  0.10000000E+14  0.17200000E+06 -0.50000000E+02 -0.10741988E+07  0.00000000E+00  0.00000000E+00  0.00000000E+00  0.00000000E+00  0.50000000E-01  0.10861260E+03  0.11803598E-04  0.15045037E+04  0.99998199E+00  0.19863640E+04  0.62113820E-05  0.58887588E+03  0.99999783E+00  0.19856664E+04  0.21659275E-05  0.19871356E+04  0.46753083E+03  0.99870773E+00  0.12681067E-02  0.61362128E-08  0.00000000E+00  0.40142040E+01  0.00000000E+00  0.00000000E+00  0.00000000E+00  0.00000000E+00
  0.20000000E-01  0.95535151E-02  0.32121212E+01  0.10000000E+14  0.17200000E+06 -0.50000000E+02 -0.10195230E+07  0.00000000E+00  0.00000000E+00  0.00000000E+00  0.00000000E+00  0.50000000E-01  0.10902184E+03  0.13280408E-04  0.14667702E+04  0.99998109E+00  0.19717363E+04  0.56327234E-05  0.58163116E+03  0.99999787E+00  0.19710632E+04  0.21252434E-05  0.19725428E+04  0.46750485E+03  0.99868963E+00  0.12863483E-02  0.68368679E-08  0.00000000E+00  0.39584627E+01  0.00000000E+00  0.00000000E+00  0.00000000E+00  0.00000000E+00
  0.20000000E-01  0.93896445E-02  0.32929293E+01  0.10000000E+14  0.17200000E+06 -0.50000000E+02 -0.96912848E+06  0.00000000E+00  0.00000000E+00  0.00000000E+00  0.00000000E+00  0.50000000E-01  0.10940691E+03  0.14880652E-04  0.14310866E+04  0.99997998E+00  0.19582219E+04  0.51423722E-05  0.57469607E+03  0.99999792E+00  0.19575724E+04  0.20840879E-05  0.19590617E+04  0.46748094E+03  0.99867280E+00  0.13033309E-02  0.75866917E-08  0.00000000E+00  0.37366448E+01  0.00000000E+00  0.00000000E+00  0.00000000E+00  0.00000000E+00
  0.20000000E-01  0.92310514E-02  0.33737374E+01  0.10000000E+14  0.17200000E+06 -0.50000000E+02 -0.92255826E+06  0.00000000E+00  0.00000000E+00  0.00000000E+00  0.00000000E+00  0.50000000E-01  0.10976938E+03  0.16610110E-04  0.13972785E+04  0.99997867E+00  0.19457057E+04  0.47220309E-05  0.56804745E+03  0.99999796E+00  0.19450787E+04  0.20427293E-05  0.19465772E+04  0.46745890E+03  0.99865715E+00  0.13191434E-02  0.83876034E-08  0.00000000E+00  0.35292773E+01  0.00000000E+00  0.00000000E+00  0.00000000E+00  0.00000000E+00
  0.20000000E-01  0.90775132E-02  0.34545455E+01  0.10000000E+14  0.17200000E+06 -0.50000000E+02 -0.87941717E+06  0.00000000E+00  0.00000000E+00  0.00000000E+00  0.00000000E+00  0.50000000E-01  0.11011075E+03  0.18474667E-04  0.13651917E+04  0.99997717E+00  0.19340872E+04  0.43580675E-05  0.56166464E+03  0.99999800E+00  0.19334818E+04  0.20013915E-05  0.19349889E+04  0.46743856E+03  0.99864261E+00  0.13338684E-02  0.92416362E-08  0.00000000E+00  0.32609270E+01  0.00000000E+00  0.00000000E+00  0.00000000E+00  0.00000000E+00
  0.20000000E-01  0.89288181E-02  0.35353535E+01  0.10000000E+14  0.17200000E+06 -0.50000000E+02 -0.83936161E+06  0.00000000E+00  0.00000000E+00  0.00000000E+00  0.00000000E+00  0.50000000E-01  0.11043238E+03  0.20480315E-04  0.13346893E+04  0.99997548E+00  0.19232784E+04  0.40401322E-05  0.55552908E+03  0.99999804E+00  0.19226938E+04  0.19602602E-05  0.19242088E+04  0.46741975E+03  0.99862908E+00  0.13475831E-02  0.10150946E-07  0.00000000E+00  0.28895932E+01  0.00000000E+00  0.00000000E+00  0.00000000E+00  0.00000000E+00
  0.20000000E-01  0.87847641E-02  0.36161616E+01  0.10000000E+14  0.17200000E+06 -0.50000000E+02 -0.80209155E+06  0.00000000E+00  0.00000000E+00  0.00000000E+00  0.00000000E+00  0.50000000E-01  0.11073558E+03  0.22633156E-04  0.13056492E+04  0.99997361E+00  0.19132020E+04  0.37602341E-05  0.54962409E+03  0.99999808E+00  0.19126372E+04  0.19194879E-05  0.19141599E+04  0.46740234E+03  0.99861650E+00  0.13603591E-02  0.11117820E-07  0.00000000E+00  0.26279604E+01  0.00000000E+00  0.00000000E+00  0.00000000E+00  0.00000000E+00
  0.20000000E-01  0.86451590E-02  0.36969697E+01  0.10000000E+14  0.17200000E+06 -0.50000000E+02 -0.76734380E+06  0.00000000E+00  0.00000000E+00  0.00000000E+00  0.00000000E+00  0.50000000E-01  0.11102154E+03  0.24939405E-04  0.12779622E+04  0.99997155E+00  0.19037899E+04  0.35121112E-05  0.54393458E+03  0.99999812E+00  0.19032440E+04  0.18791994E-05  0.19047738E+04  0.46738619E+03  0.99860479E+00  0.13722631E-02  0.12144687E-07  0.00000000E+00  0.24076973E+01  0.00000000E+00  0.00000000E+00  0.00000000E+00  0.00000000E+00
  0.20000000E-01  0.85098193E-02  0.37777778E+01  0.10000000E+14  0.17200000E+06 -0.50000000E+02 -0.73488659E+06  0.00000000E+00  0.00000000E+00  0.00000000E+00  0.00000000E+00  0.50000000E-01  0.11129139E+03  0.27405390E-04  0.12515299E+04  0.99996930E+00  0.18949815E+04  0.32907902E-05  0.53844690E+03  0.99999816E+00  0.18944538E+04  0.18394953E-05  0.18959904E+04  0.46737119E+03  0.99859390E+00  0.13833568E-02  0.13234121E-07  0.00000000E+00  0.21380966E+01  0.00000000E+00  0.00000000E+00  0.00000000E+00  0.00000000E+00
  0.20000000E-01  0.83785702E-02  0.38585859E+01  0.10000000E+14  0.17200000E+06 -0.50000000E+02 -0.70451505E+06  0.00000000E+00  0.00000000E+00  0.00000000E+00  0.00000000E+00  0.50000000E-01  0.11154616E+03  0.30037554E-04  0.12262639E+04  0.99996687E+00  0.18867233E+04  0.30922741E-05  0.53314862E+03  0.99999820E+00  0.18862130E+04  0.18004558E-05  0.18877560E+04  0.46735726E+03  0.99858377E+00  0.13936975E-02  0.14388861E-07  0.00000000E+00  0.19192067E+01  0.00000000E+00  0.00000000E+00  0.00000000E+00  0.00000000E+00
  0.20000000E-01  0.82512451E-02  0.39393939E+01  0.10000000E+14  0.17200000E+06 -0.50000000E+02 -0.67604745E+06  0.00000000E+00  0.00000000E+00  0.00000000E+00  0.00000000E+00  0.50000000E-01  0.11178683E+03  0.32842459E-04  0.12020842E+04  0.99996424E+00  0.18789675E+04  0.29133149E-05  0.52802840E+03  0.99999824E+00  0.18784739E+04  0.17621438E-05  0.18800229E+04  0.46734428E+03  0.99857434E+00  0.14033383E-02  0.15611812E-07  0.00000000E+00  0.17576898E+01  0.00000000E+00  0.00000000E+00  0.00000000E+00  0.00000000E+00
  0.20000000E-01  0.81276850E-02  0.40202020E+01  0.10000000E+14  0.17200000E+06 -0.50000000E+02 -0.64932204E+06  0.00000000E+00  0.00000000E+00  0.00000000E+00  0.00000000E+00  0.50000000E-01  0.11201429E+03  0.35826785E-04  0.11789181E+04  0.99996142E+00  0.18716715E+04  0.27512473E-05  0.52307587E+03  0.99999828E+00  0.18711938E+04  0.17246074E-05  0.18727486E+04  0.46733219E+03  0.99856556E+00  0.14123284E-02  0.16906061E-07  0.00000000E+00  0.16073266E+01  0.00000000E+00  0.00000000E+00  0.00000000E+00  0.00000000E+00
  0.20000000E-01  0.80077382E-02  0.41010101E+01  0.10000000E+14  0.17200000E+06 -0.50000000E+02 -0.62419440E+06  0.00000000E+00  0.00000000E+00  0.00000000E+00  0.00000000E+00  0.50000000E-01  0.11222936E+03  0.38997338E-04  0.11566997E+04  0.99995840E+00  0.18647971E+04  0.26038646E-05  0.51828153E+03  0.99999831E+00  0.18643347E+04  0.16878825E-05  0.18658949E+04  0.46732090E+03  0.99855739E+00  0.14207133E-02  0.18274887E-07  0.00000000E+00  0.13422434E+01  0.00000000E+00  0.00000000E+00  0.00000000E+00  0.00000000E+00
  0.20000000E-01  0.78912601E-02  0.41818182E+01  0.10000000E+14  0.17200000E+06 -0.50000000E+02 -0.60053519E+06  0.00000000E+00  0.00000000E+00  0.00000000E+00  0.00000000E+00  0.50000000E-01  0.11243283E+03  0.42361047E-04  0.11353688E+04  0.99995517E+00  0.18583100E+04  0.24693244E-05  0.51363664E+03  0.99999835E+00  0.18578622E+04  0.16519945E-05  0.18594276E+04  0.46731036E+03  0.99854978E+00  0.14285351E-02  0.19721775E-07  0.00000000E+00  0.11298452E+01  0.00000000E+00  0.00000000E+00  0.00000000E+00  0.00000000E+00
  0.20000000E-01  0.77781128E-02  0.42626263E+01  0.10000000E+14  0.17200000E+06 -0.50000000E+02 -0.57822829E+06  0.00000000E+00  0.00000000E+00  0.00000000E+00  0.00000000E+00  0.50000000E-01  0.11262541E+03  0.45924967E-04  0.11148703E+04  0.99995173E+00  0.18521793E+04  0.23460769E-05  0.50913315E+03  0.99999838E+00  0.18517455E+04  0.16169598E-05  0.18533158E+04  0.46730051E+03  0.99854269E+00  0.14358330E-02  0.21250428E-07  0.00000000E+00  0.94203246E+00  0.00000000E+00  0.00000000E+00  0.00000000E+00  0.00000000E+00
  0.20000000E-01  0.76681647E-02  0.43434343E+01  0.10000000E+14  0.17200000E+06 -0.50000000E+02 -0.55716914E+06  0.00000000E+00  0.00000000E+00  0.00000000E+00  0.00000000E+00  0.50000000E-01  0.11280776E+03  0.49696286E-04  0.10951540E+04  0.99994807E+00  0.18463772E+04  0.22328094E-05  0.50476363E+03  0.99999842E+00  0.18459568E+04  0.15827877E-05  0.18475318E+04  0.46729128E+03  0.99853609E+00  0.14426430E-02  0.22864784E-07  0.00000000E+00  0.83428678E+00  0.00000000E+00  0.00000000E+00  0.00000000E+00  0.00000000E+00
  0.20000000E-01  0.75612902E-02  0.44242424E+01  0.10000000E+14  0.17200000E+06 -0.50000000E+02 -0.53726334E+06  0.00000000E+00  0.00000000E+00  0.00000000E+00  0.00000000E+00  0.50000000E-01  0.11298051E+03  0.53682324E-04  0.10761734E+04  0.99994419E+00  0.18408785E+04  0.21284028E-05  0.50052118E+03  0.99999845E+00  0.18404710E+04  0.15494815E-05  0.18420505E+04  0.46728264E+03  0.99852994E+00  0.14489987E-02  0.24569029E-07  0.00000000E+00  0.74235255E+00  0.00000000E+00  0.00000000E+00  0.00000000E+00  0.00000000E+00
  0.20000000E-01  0.74573695E-02  0.45050505E+01  0.10000000E+14  0.17200000E+06 -0.50000000E+02 -0.51842551E+06  0.00000000E+00  0.00000000E+00  0.00000000E+00  0.00000000E+00  0.50000000E-01  0.11314422E+03  0.57890536E-04  0.10578861E+04  0.99994008E+00  0.18356604E+04  0.20318971E-05  0.49639944E+03  0.99999848E+00  0.18352653E+04  0.15170391E-05  0.18368490E+04  0.46727453E+03  0.99852422E+00  0.14549310E-02  0.26367616E-07  0.00000000E+00  0.63850104E+00  0.00000000E+00  0.00000000E+00  0.00000000E+00  0.00000000E+00
  0.20000000E-01  0.73562884E-02  0.45858586E+01  0.10000000E+14  0.17200000E+06 -0.50000000E+02 -0.50057820E+06  0.00000000E+00  0.00000000E+00  0.00000000E+00  0.00000000E+00  0.50000000E-01  0.11329944E+03  0.62328519E-04  0.10402528E+04  0.99993573E+00  0.18307022E+04  0.19424648E-05  0.49239246E+03  0.99999851E+00  0.18303189E+04  0.14854546E-05  0.18319067E+04  0.46726692E+03  0.99851888E+00  0.14604687E-02  0.28265282E-07  0.00000000E+00  0.54779064E+00  0.00000000E+00  0.00000000E+00  0.00000000E+00  0.00000000E+00
  0.20000000E-01  0.72579377E-02  0.46666667E+01  0.10000000E+14  0.17200000E+06 -0.50000000E+02 -0.48365103E+06  0.00000000E+00  0.00000000E+00  0.00000000E+00  0.00000000E+00  0.50000000E-01  0.11344665E+03  0.67004008E-04  0.10232371E+04  0.99993114E+00  0.18259852E+04  0.18593883E-05  0.48849474E+03  0.99999855E+00  0.18256132E+04  0.14547184E-05  0.18272049E+04  0.46725977E+03  0.99851391E+00  0.14656385E-02  0.30267072E-07  0.00000000E+00  0.47032302E+00  0.00000000E+00  0.00000000E+00  0.00000000E+00  0.00000000E+00
  0.20000000E-01  0.71622133E-02  0.47474747E+01  0.10000000E+14  0.17200000E+06 -0.50000000E+02 -0.46757991E+06  0.00000000E+00  0.00000000E+00  0.00000000E+00  0.00000000E+00  0.50000000E-01  0.11358632E+03  0.71924887E-04  0.10068057E+04  0.99992629E+00  0.18214920E+04  0.17820427E-05  0.48470113E+03  0.99999858E+00  0.18211309E+04  0.14248184E-05  0.18227264E+04  0.46725304E+03  0.99850929E+00  0.14704650E-02  0.32378355E-07  0.00000000E+00  0.39286531E+00  0.00000000E+00  0.00000000E+00  0.00000000E+00  0.00000000E+00
  0.20000000E-01  0.70690158E-02  0.48282828E+01  0.10000000E+14  0.17200000E+06 -0.50000000E+02 -0.45230636E+06  0.00000000E+00  0.00000000E+00  0.00000000E+00  0.00000000E+00  0.50000000E-01  0.11371887E+03  0.77099188E-04  0.99092734E+03  0.99992119E+00  0.18172071E+04  0.17098812E-05  0.48100683E+03  0.99999860E+00  0.18168565E+04  0.13957402E-05  0.18184555E+04  0.46724671E+03  0.99850498E+00  0.14749710E-02  0.34604854E-07  0.00000000E+00  0.32076567E+00  0.00000000E+00  0.00000000E+00  0.00000000E+00  0.00000000E+00
  0.20000000E-01  0.69782503E-02  0.49090909E+01  0.10000000E+14  0.17200000E+06 -0.50000000E+02 -0.43777692E+06  0.00000000E+00  0.00000000E+00  0.00000000E+00  0.00000000E+00  0.50000000E-01  0.11384472E+03  0.82535097E-04  0.97557319E+03  0.99991582E+00  0.18131161E+04  0.16424235E-05  0.47740734E+03  0.99999863E+00  0.18127756E+04  0.13674675E-05  0.18143780E+04  0.46724074E+03  0.99850096E+00  0.14791779E-02  0.36952667E-07  0.00000000E+00  0.25872231E+00  0.00000000E+00  0.00000000E+00  0.00000000E+00  0.00000000E+00
  0.20000000E-01  0.68898261E-02  0.49898990E+01  0.10000000E+14  0.17200000E+06 -0.50000000E+02 -0.42394261E+06  0.00000000E+00  0.00000000E+00  0.00000000E+00  0.00000000E+00  0.50000000E-01  0.11396422E+03  0.88240954E-04  0.96071640E+03  0.99991018E+00  0.18092060E+04  0.15792459E-05  0.47389846E+03  0.99999866E+00  0.18088751E+04  0.13399829E-05  0.18104808E+04  0.46723512E+03  0.99849723E+00  0.14831053E-02  0.39428297E-07  0.00000000E+00  0.20482015E+00  0.00000000E+00  0.00000000E+00  0.00000000E+00  0.00000000E+00
  0.20000000E-01  0.68036566E-02  0.50707071E+01  0.10000000E+14  0.17200000E+06 -0.50000000E+02 -0.41075853E+06  0.00000000E+00  0.00000000E+00  0.00000000E+00  0.00000000E+00  0.50000000E-01  0.11407774E+03  0.94225262E-04  0.94633196E+03  0.99990425E+00  0.18054646E+04  0.15199733E-05  0.47047625E+03  0.99999869E+00  0.18051429E+04  0.13132679E-05  0.18067518E+04  0.46722981E+03  0.99849375E+00  0.14867715E-02  0.42038685E-07  0.00000000E+00  0.13215411E+00  0.00000000E+00  0.00000000E+00  0.00000000E+00  0.00000000E+00
  0.20000000E-01  0.67196591E-02  0.51515152E+01  0.10000000E+14  0.17200000E+06 -0.50000000E+02 -0.39818340E+06  0.00000000E+00  0.00000000E+00  0.00000000E+00  0.00000000E+00  0.50000000E-01  0.11418558E+03  0.10049669E-03  0.93239656E+03  0.99989804E+00  0.18018809E+04  0.14642723E-05  0.46713699E+03  0.99999871E+00  0.18015681E+04  0.12873032E-05  0.18031801E+04  0.46722480E+03  0.99849051E+00  0.14901936E-02  0.44791238E-07  0.00000000E+00  0.60988807E-01  0.00000000E+00  0.00000000E+00  0.00000000E+00  0.00000000E+00
  0.20000000E-01  0.66377546E-02  0.52323232E+01  0.10000000E+14  0.17200000E+06 -0.50000000E+02 -0.38617923E+06  0.00000000E+00  0.00000000E+00  0.00000000E+00  0.00000000E+00  0.50000000E-01  0.11428806E+03  0.10706407E-03  0.91888843E+03  0.99989152E+00  0.17984448E+04  0.14118460E-05  0.46387721E+03  0.99999874E+00  0.17981406E+04  0.12620691E-05  0.17997554E+04  0.46722007E+03  0.99848750E+00  0.14933872E-02  0.47693875E-07  0.00000000E+00  0.10464034E-02  0.00000000E+00  0.00000000E+00  0.00000000E+00  0.00000000E+00
  0.20000000E-01  0.65578674E-02  0.53131313E+01  0.10000000E+14  0.17200000E+06 -0.50000000E+02 -0.37471102E+06  0.00000000E+00  0.00000000E+00  0.00000000E+00  0.00000000E+00  0.50000000E-01  0.11438546E+03  0.11393641E-03  0.90578720E+03  0.99988470E+00  0.17951468E+04  0.13624286E-05  0.46069363E+03  0.99999876E+00  0.17948508E+04  0.12375456E-05  0.17964685E+04  0.46721559E+03  0.99848470E+00  0.14963671E-02  0.50755060E-07  0.00000000E+00  0.00000000E+00  0.00000000E+00  0.00000000E+00  0.00000000E+00  0.00000000E+00
  0.20000000E-01  0.64799254E-02  0.53939394E+01  0.10000000E+14  0.17200000E+06 -0.50000000E+02 -0.36374643E+06  0.00000000E+00  0.00000000E+00  0.00000000E+00  0.00000000E+00  0.50000000E-01  0.11447804E+03  0.12112290E-03  0.89307382E+03  0.99987756E+00  0.17919782E+04  0.13157821E-05  0.45758314E+03  0.99999879E+00  0.17916902E+04  0.12137125E-05  0.17933106E+04  0.46721136E+03  0.99848209E+00  0.14991470E-02  0.53983854E-07  0.00000000E+00  0.00000000E+00  0.00000000E+00  0.00000000E+00  0.00000000E+00  0.00000000E+00
  0.20000000E-01  0.64038594E-02  0.54747475E+01  0.10000000E+14  0.17200000E+06 -0.50000000E+02 -0.35325560E+06  0.00000000E+00  0.00000000E+00  0.00000000E+00  0.00000000E+00  0.50000000E-01  0.11456605E+03  0.12863291E-03  0.88073041E+03  0.99987010E+00  0.17889312E+04  0.12716922E-05  0.45454285E+03  0.99999881E+00  0.17886508E+04  0.11905496E-05  0.17902738E+04  0.46720735E+03  0.99847967E+00  0.15017395E-02  0.57389971E-07  0.00000000E+00  0.00000000E+00  0.00000000E+00  0.00000000E+00  0.00000000E+00  0.00000000E+00
  0.20000000E-01  0.63296034E-02  0.55555556E+01  0.10000000E+14  0.17200000E+06 -0.50000000E+02 -0.34321086E+06  0.00000000E+00  0.00000000E+00  0.00000000E+00  0.00000000E+00  0.50000000E-01  0.11464972E+03  0.13647600E-03  0.86874020E+03  0.99986229E+00  0.17859983E+04  0.12299658E-05  0.45156998E+03  0.99999883E+00  0.17857252E+04  0.11680369E-05  0.17873508E+04  0.46720355E+03  0.99847742E+00  0.15041565E-02  0.60983873E-07  0.00000000E+00  0.00000000E+00  0.00000000E+00  0.00000000E+00  0.00000000E+00  0.00000000E+00
  0.20000000E-01  0.62570941E-02  0.56363636E+01  0.10000000E+14  0.17200000E+06 -0.50000000E+02 -0.33358659E+06  0.00000000E+00  0.00000000E+00  0.00000000E+00  0.00000000E+00  0.50000000E-01  0.11472926E+03  0.14466192E-03  0.85708744E+03  0.99985415E+00  0.17831726E+04  0.11904284E-05  0.44866193E+03  0.99999885E+00  0.17829066E+04  0.11461544E-05  0.17845346E+04  0.46719995E+03  0.99847533E+00  0.15064089E-02  0.64777034E-07  0.00000000E+00  0.00000000E+00  0.00000000E+00  0.00000000E+00  0.00000000E+00  0.00000000E+00
  0.20000000E-01  0.61862710E-02  0.57171717E+01  0.10000000E+14  0.17200000E+06 -0.50000000E+02 -0.32435900E+06  0.00000000E+00  0.00000000E+00  0.00000000E+00  0.00000000E+00  0.50000000E-01  0.11480489E+03  0.15320061E-03  0.84575732E+03  0.99984565E+00  0.17804478E+04  0.11529218E-05  0.44581624E+03  0.99999888E+00  0.17801886E+04  0.11248827E-05  0.17818190E+04  0.46719654E+03  0.99847339E+00  0.15085072E-02  0.68778319E-07  0.00000000E+00  0.00000000E+00  0.00000000E+00  0.00000000E+00  0.00000000E+00  0.00000000E+00
  0.20000000E-01  0.61170761E-02  0.57979798E+01  0.10000000E+14  0.17200000E+06 -0.50000000E+02 -0.31550599E+06  0.00000000E+00  0.00000000E+00  0.00000000E+00  0.00000000E+00  0.50000000E-01  0.11487679E+03  0.16210224E-03  0.83473588E+03  0.99983678E+00  0.17778180E+04  0.11173023E-05  0.44303057E+03  0.99999890E+00  0.17775654E+04  0.11042025E-05  0.17791981E+04  0.46719330E+03  0.99847160E+00  0.15104607E-02  0.73000748E-07  0.00000000E+00  0.00000000E+00  0.00000000E+00  0.00000000E+00  0.00000000E+00  0.00000000E+00
  0.20000000E-01  0.60494539E-02  0.58787879E+01  0.10000000E+14  0.17200000E+06 -0.50000000E+02 -0.30700700E+06  0.00000000E+00  0.00000000E+00  0.00000000E+00  0.00000000E+00  0.50000000E-01  0.11494514E+03  0.17137716E-03  0.82400998E+03  0.99982754E+00  0.17752777E+04  0.10834394E-05  0.44030270E+03  0.99999892E+00  0.17750314E+04  0.10840948E-05  0.17766663E+04  0.46719022E+03  0.99846993E+00  0.15122785E-02  0.77466664E-07  0.00000000E+00  0.00000000E+00  0.00000000E+00  0.00000000E+00  0.00000000E+00  0.00000000E+00
  0.20000000E-01  0.59833514E-02  0.59595960E+01  0.10000000E+14  0.17200000E+06 -0.50000000E+02 -0.29884290E+06  0.00000000E+00  0.00000000E+00  0.00000000E+00  0.00000000E+00  0.50000000E-01  0.11501010E+03  0.18103594E-03  0.81356722E+03  0.99981791E+00  0.17728218E+04  0.10512138E-05  0.43763053E+03  0.99999894E+00  0.17725816E+04  0.10645414E-05  0.17742187E+04  0.46718730E+03  0.99846839E+00  0.15139689E-02  0.82182972E-07  0.00000000E+00  0.00000000E+00  0.00000000E+00  0.00000000E+00  0.00000000E+00  0.00000000E+00
  0.20000000E-01  0.59187175E-02  0.60404040E+01  0.10000000E+14  0.17200000E+06 -0.50000000E+02 -0.29099582E+06  0.00000000E+00  0.00000000E+00  0.00000000E+00  0.00000000E+00  0.50000000E-01  0.11507184E+03  0.19108940E-03  0.80339588E+03  0.99980789E+00  0.17704456E+04  0.10205165E-05  0.43501205E+03  0.99999895E+00  0.17702112E+04  0.10455241E-05  0.17718504E+04  0.46718452E+03  0.99846697E+00  0.15155397E-02  0.87166944E-07  0.00000000E+00  0.00000000E+00  0.00000000E+00  0.00000000E+00  0.00000000E+00  0.00000000E+00
  0.20000000E-01  0.58555035E-02  0.61212121E+01  0.10000000E+14  0.17200000E+06 -0.50000000E+02 -0.28344912E+06  0.00000000E+00  0.00000000E+00  0.00000000E+00  0.00000000E+00  0.50000000E-01  0.11513050E+03  0.20154856E-03  0.79348491E+03  0.99979746E+00  0.17681445E+04  0.99124800E-06  0.43244538E+03  0.99999897E+00  0.17679159E+04  0.10270256E-05  0.17695571E+04  0.46718188E+03  0.99846566E+00  0.15169981E-02  0.92436856E-07  0.00000000E+00  0.00000000E+00  0.00000000E+00  0.00000000E+00  0.00000000E+00  0.00000000E+00
  0.20000000E-01  0.57936625E-02  0.62020202E+01  0.10000000E+14  0.17200000E+06 -0.50000000E+02 -0.27618724E+06  0.00000000E+00  0.00000000E+00  0.00000000E+00  0.00000000E+00  0.50000000E-01  0.11518623E+03  0.21242468E-03  0.78382384E+03  0.99978661E+00  0.17659145E+04  0.96331672E-06  0.42992870E+03  0.99999899E+00  0.17656914E+04  0.10090286E-05  0.17673345E+04  0.46717937E+03  0.99846444E+00  0.15183509E-02  0.98009381E-07  0.00000000E+00  0.00000000E+00  0.00000000E+00  0.00000000E+00  0.00000000E+00  0.00000000E+00
  0.20000000E-01  0.57331497E-02  0.62828283E+01  0.10000000E+14  0.17200000E+06 -0.50000000E+02 -0.26919562E+06  0.00000000E+00  0.00000000E+00  0.00000000E+00  0.00000000E+00  0.50000000E-01  0.11523914E+03  0.22372926E-03  0.77440276E+03  0.99977533E+00  0.17637517E+04  0.93663870E-06  0.42746029E+03  0.99999901E+00  0.17635339E+04  0.99151684E-06  0.17651790E+04  0.46717698E+03  0.99846333E+00  0.15196046E-02  0.10390555E-06  0.00000000E+00  0.00000000E+00  0.00000000E+00  0.00000000E+00  0.00000000E+00  0.00000000E+00
  0.20000000E-01  0.56739220E-02  0.63636364E+01  0.10000000E+14  0.17200000E+06 -0.50000000E+02 -0.26246065E+06  0.00000000E+00  0.00000000E+00  0.00000000E+00  0.00000000E+00  0.50000000E-01  0.11528937E+03  0.23547405E-03  0.76521229E+03  0.99976361E+00  0.17616525E+04  0.91113664E-06  0.42503850E+03  0.99999903E+00  0.17614398E+04  0.97447412E-06  0.17630868E+04  0.46717470E+03  0.99846230E+00  0.15207649E-02  0.11014698E-06  0.00000000E+00  0.00000000E+00  0.00000000E+00  0.00000000E+00  0.00000000E+00  0.00000000E+00
  0.20000000E-01  0.56159381E-02  0.64444444E+01  0.10000000E+14  0.17200000E+06 -0.50000000E+02 -0.25596957E+06  0.00000000E+00  0.00000000E+00  0.00000000E+00  0.00000000E+00  0.50000000E-01  0.11533704E+03  0.24767107E-03  0.75624353E+03  0.99975144E+00  0.17596135E+04  0.88673930E-06  0.42266178E+03  0.99999904E+00  0.17594057E+04  0.95788493E-06  0.17610545E+04  0.46717253E+03  0.99846136E+00  0.15218376E-02  0.11675702E-06  0.00000000E+00  0.00000000E+00  0.00000000E+00  0.00000000E+00  0.00000000E+00  0.00000000E+00
  0.20000000E-01  0.55591584E-02  0.65252525E+01  0.10000000E+14  0.17200000E+06 -0.50000000E+02 -0.24971040E+06  0.00000000E+00  0.00000000E+00  0.00000000E+00  0.00000000E+00  0.50000000E-01  0.11538224E+03  0.26033259E-03  0.74748804E+03  0.99973880E+00  0.17576315E+04  0.86338092E-06  0.42032863E+03  0.99999906E+00  0.17574285E+04  0.94173424E-06  0.17590791E+04  0.46717046E+03  0.99846050E+00  0.15228277E-02  0.12376101E-06  0.00000000E+00  0.00000000E+00  0.00000000E+00  0.00000000E+00  0.00000000E+00  0.00000000E+00
  0.20000000E-01  0.55035447E-02  0.66060606E+01  0.10000000E+14  0.17200000E+06 -0.50000000E+02 -0.24367193E+06  0.00000000E+00  0.00000000E+00  0.00000000E+00  0.00000000E+00  0.50000000E-01  0.11542509E+03  0.27347114E-03  0.73893780E+03  0.99972569E+00  0.17557036E+04  0.84100070E-06  0.41803762E+03  0.99999907E+00  0.17555053E+04  0.92600749E-06  0.17571576E+04  0.46716849E+03  0.99845971E+00  0.15237403E-02  0.13118640E-06  0.00000000E+00  0.00000000E+00  0.00000000E+00  0.00000000E+00  0.00000000E+00  0.00000000E+00
  0.20000000E-01  0.54490605E-02  0.66868687E+01  0.10000000E+14  0.17200000E+06 -0.50000000E+02 -0.23784359E+06  0.00000000E+00  0.00000000E+00  0.00000000E+00  0.00000000E+00  0.50000000E-01  0.11546568E+03  0.28709955E-03  0.73058518E+03  0.99971208E+00  0.17538270E+04  0.81954236E-06  0.41578739E+03  0.99999909E+00  0.17536331E+04  0.91069063E-06  0.17552871E+04  0.46716661E+03  0.99845900E+00  0.15245798E-02  0.13906297E-06  0.00000000E+00  0.00000000E+00  0.00000000E+00  0.00000000E+00  0.00000000E+00  0.00000000E+00
  0.20000000E-01  0.53956706E-02  0.67676768E+01  0.10000000E+14  0.17200000E+06 -0.50000000E+02 -0.23221547E+06  0.00000000E+00  0.00000000E+00  0.00000000E+00  0.00000000E+00  0.50000000E-01  0.11550410E+03  0.30123093E-03  0.72242296E+03  0.99969797E+00  0.17519990E+04  0.79895373E-06  0.41357664E+03  0.99999910E+00  0.17518094E+04  0.89577005E-06  0.17534651E+04  0.46716482E+03  0.99845835E+00  0.15253505E-02  0.14742314E-06  0.00000000E+00  0.00000000E+00  0.00000000E+00  0.00000000E+00  0.00000000E+00  0.00000000E+00
  0.20000000E-01  0.53433414E-02  0.68484848E+01  0.10000000E+14  0.17200000E+06 -0.50000000E+02 -0.22677823E+06  0.00000000E+00  0.00000000E+00  0.00000000E+00  0.00000000E+00  0.50000000E-01  0.11554044E+03  0.31587869E-03  0.71444423E+03  0.99968334E+00  0.17502172E+04  0.77918639E-06  0.41140412E+03  0.99999912E+00  0.17500318E+04  0.88123265E-06  0.17516891E+04  0.46716311E+03  0.99845776E+00  0.15260565E-02  0.15630215E-06  0.00000000E+00  0.00000000E+00  0.00000000E+00  0.00000000E+00  0.00000000E+00  0.00000000E+00
  0.20000000E-01  0.52920402E-02  0.69292929E+01  0.10000000E+14  0.17200000E+06 -0.50000000E+02 -0.22152310E+06  0.00000000E+00  0.00000000E+00  0.00000000E+00  0.00000000E+00  0.50000000E-01  0.11557479E+03  0.33105653E-03  0.70664243E+03  0.99966818E+00  0.17484792E+04  0.76019534E-06  0.40926864E+03  0.99999913E+00  0.17482979E+04  0.86706576E-06  0.17499567E+04  0.46716147E+03  0.99845723E+00  0.15267015E-02  0.16573842E-06  0.00000000E+00  0.00000000E+00  0.00000000E+00  0.00000000E+00  0.00000000E+00  0.00000000E+00
  0.20000000E-01  0.52417360E-02  0.70101010E+01  0.10000000E+14  0.17200000E+06 -0.50000000E+02 -0.21644178E+06  0.00000000E+00  0.00000000E+00  0.00000000E+00  0.00000000E+00  0.50000000E-01  0.11560721E+03  0.34677848E-03  0.69901132E+03  0.99965248E+00  0.17467830E+04  0.74193870E-06  0.40716905E+03  0.99999915E+00  0.17466056E+04  0.85325715E-06  0.17482660E+04  0.46715991E+03  0.99845675E+00  0.15272891E-02  0.17577387E-06  0.00000000E+00  0.00000000E+00  0.00000000E+00  0.00000000E+00  0.00000000E+00  0.00000000E+00
  0.20000000E-01  0.51923987E-02  0.70909091E+01  0.10000000E+14  0.17200000E+06 -0.50000000E+02 -0.21152648E+06  0.00000000E+00  0.00000000E+00  0.00000000E+00  0.00000000E+00  0.50000000E-01  0.11563779E+03  0.36305888E-03  0.69154492E+03  0.99963622E+00  0.17451264E+04  0.72437745E-06  0.40510427E+03  0.99999916E+00  0.17449528E+04  0.83979504E-06  0.17466147E+04  0.46715842E+03  0.99845632E+00  0.15278226E-02  0.18645432E-06  0.00000000E+00  0.00000000E+00  0.00000000E+00  0.00000000E+00  0.00000000E+00  0.00000000E+00
  0.20000000E-01  0.51439994E-02  0.71717172E+01  0.10000000E+14  0.17200000E+06 -0.50000000E+02 -0.20676981E+06  0.00000000E+00  0.00000000E+00  0.00000000E+00  0.00000000E+00  0.50000000E-01  0.11566659E+03  0.37991243E-03  0.68423756E+03  0.99961938E+00  0.17435074E+04  0.70747521E-06  0.40307322E+03  0.99999917E+00  0.17433375E+04  0.82666808E-06  0.17450009E+04  0.46715700E+03  0.99845594E+00  0.15283051E-02  0.19782990E-06  0.00000000E+00  0.00000000E+00  0.00000000E+00  0.00000000E+00  0.00000000E+00  0.00000000E+00
  0.20000000E-01  0.50965103E-02  0.72525253E+01  0.10000000E+14  0.17200000E+06 -0.50000000E+02 -0.20216481E+06  0.00000000E+00  0.00000000E+00  0.00000000E+00  0.00000000E+00  0.50000000E-01  0.11569367E+03  0.39735415E-03  0.67708381E+03  0.99960195E+00  0.17419244E+04  0.69119800E-06  0.40107492E+03  0.99999919E+00  0.17417581E+04  0.81386529E-06  0.17434229E+04  0.46715564E+03  0.99845561E+00  0.15287396E-02  0.20995556E-06  0.00000000E+00  0.00000000E+00  0.00000000E+00  0.00000000E+00  0.00000000E+00  0.00000000E+00
  0.20000000E-01  0.50499046E-02  0.73333333E+01  0.10000000E+14  0.17200000E+06 -0.50000000E+02 -0.19770492E+06  0.00000000E+00  0.00000000E+00  0.00000000E+00  0.00000000E+00  0.50000000E-01  0.11571910E+03  0.41539942E-03  0.67007848E+03  0.99958393E+00  0.17403755E+04  0.67551408E-06  0.39910839E+03  0.99999920E+00  0.17402126E+04  0.80137612E-06  0.17418788E+04  0.46715433E+03  0.99845532E+00  0.15291289E-02  0.22289160E-06  0.00000000E+00  0.00000000E+00  0.00000000E+00  0.00000000E+00  0.00000000E+00  0.00000000E+00
  0.20000000E-01  0.50041566E-02  0.74141414E+01  0.10000000E+14  0.17200000E+06 -0.50000000E+02 -0.19338391E+06  0.00000000E+00  0.00000000E+00  0.00000000E+00  0.00000000E+00  0.50000000E-01  0.11574294E+03  0.43406398E-03  0.66321663E+03  0.99956528E+00  0.17388591E+04  0.66039374E-06  0.39717270E+03  0.99999921E+00  0.17386996E+04  0.78919039E-06  0.17403672E+04  0.46715309E+03  0.99845507E+00  0.15294755E-02  0.23670435E-06  0.00000000E+00  0.00000000E+00  0.00000000E+00  0.00000000E+00  0.00000000E+00  0.00000000E+00
  0.20000000E-01  0.49592415E-02  0.74949495E+01  0.10000000E+14  0.17200000E+06 -0.50000000E+02 -0.18919588E+06  0.00000000E+00  0.00000000E+00  0.00000000E+00  0.00000000E+00  0.50000000E-01  0.11576524E+03  0.45336396E-03  0.65649352E+03  0.99954599E+00  0.17373736E+04  0.64580914E-06  0.39526696E+03  0.99999922E+00  0.17372174E+04  0.77729829E-06  0.17388864E+04  0.46715190E+03  0.99845486E+00  0.15297818E-02  0.25146684E-06  0.00000000E+00  0.00000000E+00  0.00000000E+00  0.00000000E+00  0.00000000E+00  0.00000000E+00
  0.20000000E-01  0.49151353E-02  0.75757576E+01  0.10000000E+14  0.17200000E+06 -0.50000000E+02 -0.18513527E+06  0.00000000E+00  0.00000000E+00  0.00000000E+00  0.00000000E+00  0.50000000E-01  0.11578605E+03  0.47331586E-03  0.64990462E+03  0.99952605E+00  0.17359177E+04  0.63173421E-06  0.39339031E+03  0.99999923E+00  0.17357647E+04  0.76569037E-06  0.17374350E+04  0.46715076E+03  0.99845468E+00  0.15300503E-02  0.26725964E-06  0.00000000E+00  0.00000000E+00  0.00000000E+00  0.00000000E+00  0.00000000E+00  0.00000000E+00
  0.20000000E-01  0.48718150E-02  0.76565657E+01  0.10000000E+14  0.17200000E+06 -0.50000000E+02 -0.18119680E+06  0.00000000E+00  0.00000000E+00  0.00000000E+00  0.00000000E+00  0.50000000E-01  0.11580543E+03  0.49393661E-03  0.64344559E+03  0.99950545E+00  0.17344900E+04  0.61814446E-06  0.39154192E+03  0.99999925E+00  0.17343400E+04  0.75435751E-06  0.17360116E+04  0.46714967E+03  0.99845453E+00  0.15302830E-02  0.28417180E-06  0.00000000E+00  0.00000000E+00  0.00000000E+00  0.00000000E+00  0.00000000E+00  0.00000000E+00
  0.20000000E-01  0.48292584E-02  0.77373737E+01  0.10000000E+14  0.17200000E+06 -0.50000000E+02 -0.17737546E+06  0.00000000E+00  0.00000000E+00  0.00000000E+00  0.00000000E+00  0.50000000E-01  0.11582342E+03  0.51524351E-03  0.63711230E+03  0.99948415E+00  0.17330890E+04  0.60501692E-06  0.38972100E+03  0.99999926E+00  0.17329420E+04  0.74329095E-06  0.17346150E+04  0.46714862E+03  0.99845442E+00  0.15304820E-02  0.30230194E-06  0.00000000E+00  0.00000000E+00  0.00000000E+00  0.00000000E+00  0.00000000E+00  0.00000000E+00
  0.20000000E-01  0.47874440E-02  0.78181818E+01  0.10000000E+14  0.17200000E+06 -0.50000000E+02 -0.17366649E+06  0.00000000E+00  0.00000000E+00  0.00000000E+00  0.00000000E+00  0.50000000E-01  0.11584007E+03  0.53725433E-03  0.63090076E+03  0.99946215E+00  0.17317137E+04  0.59232996E-06  0.38792679E+03  0.99999927E+00  0.17315696E+04  0.73248223E-06  0.17332438E+04  0.46714763E+03  0.99845433E+00  0.15306493E-02  0.32175948E-06  0.00000000E+00  0.00000000E+00  0.00000000E+00  0.00000000E+00  0.00000000E+00  0.00000000E+00
  0.20000000E-01  0.47463512E-02  0.78989899E+01  0.10000000E+14  0.17200000E+06 -0.50000000E+02 -0.17006540E+06  0.00000000E+00  0.00000000E+00  0.00000000E+00  0.00000000E+00  0.50000000E-01  0.11585541E+03  0.55998725E-03  0.62480716E+03  0.99943943E+00  0.17303628E+04  0.58006327E-06  0.38615853E+03  0.99999928E+00  0.17302215E+04  0.72192319E-06  0.17318969E+04  0.46714667E+03  0.99845427E+00  0.15307866E-02  0.34266605E-06  0.00000000E+00  0.00000000E+00  0.00000000E+00  0.00000000E+00  0.00000000E+00  0.00000000E+00
  0.20000000E-01  0.47059601E-02  0.79797980E+01  0.10000000E+14  0.17200000E+06 -0.50000000E+02 -0.16656789E+06  0.00000000E+00  0.00000000E+00  0.00000000E+00  0.00000000E+00  0.50000000E-01  0.11586950E+03  0.58346090E-03  0.61882786E+03  0.99941597E+00  0.17290352E+04  0.56819769E-06  0.38441554E+03  0.99999929E+00  0.17288966E+04  0.71160599E-06  0.17305733E+04  0.46714575E+03  0.99845423E+00  0.15308956E-02  0.36515718E-06  0.00000000E+00  0.00000000E+00  0.00000000E+00  0.00000000E+00  0.00000000E+00  0.00000000E+00
  0.20000000E-01  0.46662513E-02  0.80606061E+01  0.10000000E+14  0.17200000E+06 -0.50000000E+02 -0.16316990E+06  0.00000000E+00  0.00000000E+00  0.00000000E+00  0.00000000E+00  0.50000000E-01  0.11588236E+03  0.60769439E-03  0.61295933E+03  0.99939175E+00  0.17277298E+04  0.55671520E-06  0.38269712E+03  0.99999930E+00  0.17275939E+04  0.70152306E-06  0.17292718E+04  0.46714488E+03  0.99845422E+00  0.15309781E-02  0.38938420E-06  0.00000000E+00  0.00000000E+00  0.00000000E+00  0.00000000E+00  0.00000000E+00  0.00000000E+00
  0.20000000E-01  0.46272064E-02  0.81414141E+01  0.10000000E+14  0.17200000E+06 -0.50000000E+02 -0.15986756E+06  0.00000000E+00  0.00000000E+00  0.00000000E+00  0.00000000E+00  0.50000000E-01  0.11589403E+03  0.63270732E-03  0.60719823E+03  0.99936675E+00  0.17264457E+04  0.54559876E-06  0.38100260E+03  0.99999931E+00  0.17263123E+04  0.69166711E-06  0.17279915E+04  0.46714403E+03  0.99845423E+00  0.15310355E-02  0.41551650E-06  0.00000000E+00  0.00000000E+00  0.00000000E+00  0.00000000E+00  0.00000000E+00  0.00000000E+00
  0.20000000E-01  0.45888073E-02  0.82222222E+01  0.10000000E+14  0.17200000E+06 -0.50000000E+02 -0.15665719E+06  0.00000000E+00  0.00000000E+00  0.00000000E+00  0.00000000E+00  0.50000000E-01  0.11590455E+03  0.65851976E-03  0.60154133E+03  0.99934095E+00  0.17251819E+04  0.53483234E-06  0.37933137E+03  0.99999932E+00  0.17250510E+04  0.68203112E-06  0.17267314E+04  0.46714323E+03  0.99845426E+00  0.15310692E-02  0.44374410E-06  0.00000000E+00  0.00000000E+00  0.00000000E+00  0.00000000E+00  0.00000000E+00  0.00000000E+00
  0.20000000E-01  0.45510368E-02  0.83030303E+01  0.10000000E+14  0.17200000E+06 -0.50000000E+02 -0.15353529E+06  0.00000000E+00  0.00000000E+00  0.00000000E+00  0.00000000E+00  0.50000000E-01  0.11591395E+03  0.68515232E-03  0.59598551E+03  0.99931432E+00  0.17239375E+04  0.52440075E-06  0.37768279E+03  0.99999933E+00  0.17238091E+04  0.67260830E-06  0.17254906E+04  0.46714246E+03  0.99845430E+00  0.15310807E-02  0.47428075E-06  0.00000000E+00  0.00000000E+00  0.00000000E+00  0.00000000E+00  0.00000000E+00  0.00000000E+00
  0.20000000E-01  0.45138781E-02  0.83838384E+01  0.10000000E+14  0.17200000E+06 -0.50000000E+02 -0.15049852E+06  0.00000000E+00  0.00000000E+00  0.00000000E+00  0.00000000E+00  0.50000000E-01  0.11592225E+03  0.71262610E-03  0.59052781E+03  0.99928686E+00  0.17227116E+04  0.51428968E-06  0.37605628E+03  0.99999934E+00  0.17225855E+04  0.66339215E-06  0.17242682E+04  0.46714172E+03  0.99845437E+00  0.15310711E-02  0.50736749E-06  0.00000000E+00  0.00000000E+00  0.00000000E+00  0.00000000E+00  0.00000000E+00  0.00000000E+00
  0.20000000E-01  0.44773150E-02  0.84646465E+01  0.10000000E+14  0.17200000E+06 -0.50000000E+02 -0.14754370E+06  0.00000000E+00  0.00000000E+00  0.00000000E+00  0.00000000E+00  0.50000000E-01  0.11592950E+03  0.74096279E-03  0.58516535E+03  0.99925853E+00  0.17215034E+04  0.50448555E-06  0.37445126E+03  0.99999935E+00  0.17213797E+04  0.65437635E-06  0.17230634E+04  0.46714101E+03  0.99845445E+00  0.15310419E-02  0.54327696E-06  0.00000000E+00  0.00000000E+00  0.00000000E+00  0.00000000E+00  0.00000000E+00  0.00000000E+00
  0.20000000E-01  0.44413320E-02  0.85454545E+01  0.10000000E+14  0.17200000E+06 -0.50000000E+02 -0.14466781E+06  0.00000000E+00  0.00000000E+00  0.00000000E+00  0.00000000E+00  0.50000000E-01  0.11593571E+03  0.77018461E-03  0.57989537E+03  0.99922932E+00  0.17203121E+04  0.49497553E-06  0.37286718E+03  0.99999935E+00  0.17201906E+04  0.64555485E-06  0.17218755E+04  0.46714033E+03  0.99845454E+00  0.15309940E-02  0.58231835E-06  0.00000000E+00  0.00000000E+00  0.00000000E+00  0.00000000E+00  0.00000000E+00  0.00000000E+00
  0.20000000E-01  0.44059139E-02  0.86262626E+01  0.10000000E+14  0.17200000E+06 -0.50000000E+02 -0.14186796E+06  0.00000000E+00  0.00000000E+00  0.00000000E+00  0.00000000E+00  0.50000000E-01  0.11594092E+03  0.80031437E-03  0.57471524E+03  0.99919920E+00  0.17191370E+04  0.48574747E-06  0.37130351E+03  0.99999936E+00  0.17190177E+04  0.63692180E-06  0.17207038E+04  0.46713968E+03  0.99845465E+00  0.15309285E-02  0.62484346E-06  0.00000000E+00  0.00000000E+00  0.00000000E+00  0.00000000E+00  0.00000000E+00  0.00000000E+00
  0.20000000E-01  0.43710461E-02  0.87070707E+01  0.10000000E+14  0.17200000E+06 -0.50000000E+02 -0.13914139E+06  0.00000000E+00  0.00000000E+00  0.00000000E+00  0.00000000E+00  0.50000000E-01  0.11594514E+03  0.83137548E-03  0.56962239E+03  0.99916815E+00  0.17179774E+04  0.47678986E-06  0.36975972E+03  0.99999937E+00  0.17178602E+04  0.62847155E-06  0.17195474E+04  0.46713906E+03  0.99845476E+00  0.15308467E-02  0.67125383E-06  0.00000000E+00  0.00000000E+00  0.00000000E+00  0.00000000E+00  0.00000000E+00  0.00000000E+00
  0.20000000E-01  0.43367144E-02  0.87878788E+01  0.10000000E+14  0.17200000E+06 -0.50000000E+02 -0.13648548E+06  0.00000000E+00  0.00000000E+00  0.00000000E+00  0.00000000E+00  0.50000000E-01  0.11594840E+03  0.86339197E-03  0.56461436E+03  0.99913614E+00  0.17168326E+04  0.46809175E-06  0.36823533E+03  0.99999938E+00  0.17167175E+04  0.62019866E-06  0.17184057E+04  0.46713846E+03  0.99845489E+00  0.15307493E-02  0.72200932E-06  0.00000000E+00  0.00000000E+00  0.00000000E+00  0.00000000E+00  0.00000000E+00  0.00000000E+00
  0.20000000E-01  0.43029052E-02  0.88686869E+01  0.10000000E+14  0.17200000E+06 -0.50000000E+02 -0.13389770E+06  0.00000000E+00  0.00000000E+00  0.00000000E+00  0.00000000E+00  0.50000000E-01  0.11595073E+03  0.89638851E-03  0.55968880E+03  0.99910315E+00  0.17157019E+04  0.45964279E-06  0.36672983E+03  0.99999939E+00  0.17155889E+04  0.61209789E-06  0.17172781E+04  0.46713789E+03  0.99845502E+00  0.15306373E-02  0.77763853E-06  0.00000000E+00  0.00000000E+00  0.00000000E+00  0.00000000E+00  0.00000000E+00  0.00000000E+00
  0.20000000E-01  0.42696053E-02  0.89494949E+01  0.10000000E+14  0.17200000E+06 -0.50000000E+02 -0.13137567E+06  0.00000000E+00  0.00000000E+00  0.00000000E+00  0.00000000E+00  0.50000000E-01  0.11595214E+03  0.93039041E-03  0.55484342E+03  0.99906916E+00  0.17145848E+04  0.45143314E-06  0.36524277E+03  0.99999940E+00  0.17144737E+04  0.60416417E-06  0.17161640E+04  0.46713734E+03  0.99845517E+00  0.15305117E-02  0.83875129E-06  0.00000000E+00  0.00000000E+00  0.00000000E+00  0.00000000E+00  0.00000000E+00  0.00000000E+00
  0.20000000E-01  0.42368019E-02  0.90303030E+01  0.10000000E+14  0.17200000E+06 -0.50000000E+02 -0.12891709E+06  0.00000000E+00  0.00000000E+00  0.00000000E+00  0.00000000E+00  0.50000000E-01  0.11595266E+03  0.96542368E-03  0.55007603E+03  0.99903413E+00  0.17134806E+04  0.44345344E-06  0.36377369E+03  0.99999940E+00  0.17133714E+04  0.59639261E-06  0.17150628E+04  0.46713681E+03  0.99845531E+00  0.15303732E-02  0.90605406E-06  0.00000000E+00  0.00000000E+00  0.00000000E+00  0.00000000E+00  0.00000000E+00  0.00000000E+00
  0.20000000E-01  0.42044824E-02  0.91111111E+01  0.10000000E+14  0.17200000E+06 -0.50000000E+02 -0.12651976E+06  0.00000000E+00  0.00000000E+00  0.00000000E+00  0.00000000E+00  0.50000000E-01  0.11595230E+03  0.10015150E-02  0.54538450E+03  0.99899805E+00  0.17123888E+04  0.43569480E-06  0.36232215E+03  0.99999941E+00  0.17122815E+04  0.58877851E-06  0.17139739E+04  0.46713631E+03  0.99845546E+00  0.15302226E-02  0.98036868E-06  0.00000000E+00  0.00000000E+00  0.00000000E+00  0.00000000E+00  0.00000000E+00  0.00000000E+00
  0.20000000E-01  0.41726351E-02  0.91919192E+01  0.10000000E+14  0.17200000E+06 -0.50000000E+02 -0.12418159E+06  0.00000000E+00  0.00000000E+00  0.00000000E+00  0.00000000E+00  0.50000000E-01  0.11595108E+03  0.10386919E-02  0.54076679E+03  0.99896088E+00  0.17113089E+04  0.42814876E-06  0.36088773E+03  0.99999942E+00  0.17112034E+04  0.58131730E-06  0.17128968E+04  0.46713583E+03  0.99845562E+00  0.15300608E-02  0.10626555E-05  0.00000000E+00  0.00000000E+00  0.00000000E+00  0.00000000E+00  0.00000000E+00  0.00000000E+00
  0.20000000E-01  0.41412481E-02  0.92727273E+01  0.10000000E+14  0.17200000E+06 -0.50000000E+02 -0.12190056E+06  0.00000000E+00  0.00000000E+00  0.00000000E+00  0.00000000E+00  0.50000000E-01  0.11594902E+03  0.10769824E-02  0.53622093E+03  0.99892260E+00  0.17102402E+04  0.42080728E-06  0.35947001E+03  0.99999943E+00  0.17101365E+04  0.57400460E-06  0.17118310E+04  0.46713536E+03  0.99845577E+00  0.15298885E-02  0.11540422E-05  0.00000000E+00  0.00000000E+00  0.00000000E+00  0.00000000E+00  0.00000000E+00  0.00000000E+00
  0.20000000E-01  0.41103102E-02  0.93535354E+01  0.10000000E+14  0.17200000E+06 -0.50000000E+02 -0.11967477E+06  0.00000000E+00  0.00000000E+00  0.00000000E+00  0.00000000E+00  0.50000000E-01  0.11594613E+03  0.11164155E-02  0.53174501E+03  0.99888317E+00  0.17091825E+04  0.41366269E-06  0.35806860E+03  0.99999943E+00  0.17090805E+04  0.56683617E-06  0.17107760E+04  0.46713492E+03  0.99845592E+00  0.15297063E-02  0.12558597E-05  0.00000000E+00  0.00000000E+00  0.00000000E+00  0.00000000E+00  0.00000000E+00  0.00000000E+00
  0.20000000E-01  0.40798106E-02  0.94343434E+01  0.10000000E+14  0.17200000E+06 -0.50000000E+02 -0.11750237E+06  0.00000000E+00  0.00000000E+00  0.00000000E+00  0.00000000E+00  0.50000000E-01  0.11594244E+03  0.11570210E-02  0.52733721E+03  0.99884257E+00  0.17081351E+04  0.40670770E-06  0.35668311E+03  0.99999944E+00  0.17080348E+04  0.55980791E-06  0.17097313E+04  0.46713450E+03  0.99845607E+00  0.15295148E-02  0.13696871E-05  0.00000000E+00  0.00000000E+00  0.00000000E+00  0.00000000E+00  0.00000000E+00  0.00000000E+00
  0.20000000E-01  0.40497386E-02  0.95151515E+01  0.10000000E+14  0.17200000E+06 -0.50000000E+02 -0.11538159E+06  0.00000000E+00  0.00000000E+00  0.00000000E+00  0.00000000E+00  0.50000000E-01  0.11593794E+03  0.11988294E-02  0.52299574E+03  0.99880077E+00  0.17070976E+04  0.39993535E-06  0.35531315E+03  0.99999945E+00  0.17069990E+04  0.55291587E-06  0.17086965E+04  0.46713409E+03  0.99845621E+00  0.15293149E-02  0.14974096E-05  0.00000000E+00  0.00000000E+00  0.00000000E+00  0.00000000E+00  0.00000000E+00  0.00000000E+00
  0.20000000E-01  0.40200840E-02  0.95959596E+01  0.10000000E+14  0.17200000E+06 -0.50000000E+02 -0.11331075E+06  0.00000000E+00  0.00000000E+00  0.00000000E+00  0.00000000E+00  0.50000000E-01  0.11593267E+03  0.12418722E-02  0.51871889E+03  0.99875773E+00  0.17060697E+04  0.39333899E-06  0.35395838E+03  0.99999945E+00  0.17059726E+04  0.54615622E-06  0.17076711E+04  0.46713370E+03  0.99845634E+00  0.15291070E-02  0.16412910E-05  0.00000000E+00  0.00000000E+00  0.00000000E+00  0.00000000E+00  0.00000000E+00  0.00000000E+00
  0.20000000E-01  0.39908368E-02  0.96767677E+01  0.10000000E+14  0.17200000E+06 -0.50000000E+02 -0.11128823E+06  0.00000000E+00  0.00000000E+00  0.00000000E+00  0.00000000E+00  0.50000000E-01  0.11592662E+03  0.12861817E-02  0.51450501E+03  0.99871343E+00  0.17050508E+04  0.38691231E-06  0.35261842E+03  0.99999946E+00  0.17049553E+04  0.53952527E-06  0.17066548E+04  0.46713332E+03  0.99845646E+00  0.15288917E-02  0.18040690E-05  0.00000000E+00  0.00000000E+00  0.00000000E+00  0.00000000E+00  0.00000000E+00  0.00000000E+00
  0.20000000E-01  0.39619874E-02  0.97575758E+01  0.10000000E+14  0.17200000E+06 -0.50000000E+02 -0.10931246E+06  0.00000000E+00  0.00000000E+00  0.00000000E+00  0.00000000E+00  0.50000000E-01  0.11591981E+03  0.13317909E-02  0.51035249E+03  0.99866783E+00  0.17040406E+04  0.38064925E-06  0.35129295E+03  0.99999947E+00  0.17039466E+04  0.53301946E-06  0.17056471E+04  0.46713296E+03  0.99845656E+00  0.15286697E-02  0.19890777E-05  0.00000000E+00  0.00000000E+00  0.00000000E+00  0.00000000E+00  0.00000000E+00  0.00000000E+00
  0.20000000E-01  0.39335265E-02  0.98383838E+01  0.10000000E+14  0.17200000E+06 -0.50000000E+02 -0.10738197E+06  0.00000000E+00  0.00000000E+00  0.00000000E+00  0.00000000E+00  0.50000000E-01  0.11591226E+03  0.13787342E-02  0.50625979E+03  0.99862089E+00  0.17030387E+04  0.37454405E-06  0.34998162E+03  0.99999947E+00  0.17029463E+04  0.52663534E-06  0.17046477E+04  0.46713262E+03  0.99845664E+00  0.15284414E-02  0.22004102E-05  0.00000000E+00  0.00000000E+00  0.00000000E+00  0.00000000E+00  0.00000000E+00  0.00000000E+00
  0.20000000E-01  0.39054448E-02  0.99191919E+01  0.10000000E+14  0.17200000E+06 -0.50000000E+02 -0.10549532E+06  0.00000000E+00  0.00000000E+00  0.00000000E+00  0.00000000E+00  0.50000000E-01  0.11590397E+03  0.14270466E-02  0.50222541E+03  0.99857258E+00  0.17020448E+04  0.36859118E-06  0.34868412E+03  0.99999948E+00  0.17019538E+04  0.52036957E-06  0.17036562E+04  0.46713229E+03  0.99845670E+00  0.15282075E-02  0.24431335E-05  0.00000000E+00  0.00000000E+00  0.00000000E+00  0.00000000E+00  0.00000000E+00  0.00000000E+00
  0.20000000E-01  0.38777337E-02  0.10000000E+02  0.10000000E+14  0.17200000E+06 -0.50000000E+02 -0.10365113E+06  0.00000000E+00  0.00000000E+00  0.00000000E+00  0.00000000E+00  0.50000000E-01  0.11589496E+03  0.14767642E-02  0.49824790E+03  0.99852287E+00  0.17010585E+04  0.36278539E-06  0.34740013E+03  0.99999949E+00  0.17009689E+04  0.51421894E-06  0.17026723E+04  0.46713197E+03  0.99845672E+00  0.15279685E-02  0.27235792E-05  0.00000000E+00  0.00000000E+00  0.00000000E+00  0.00000000E+00  0.00000000E+00  0.00000000E+00
